-9.5773466 0.041755155
-14.46741337 0.02149871
-13.60350844 13.61532834
-19.26309025 0.0078968
-17.00312892 17.02109414
-23.9301737 -0.0682652
-20.45539593 20.36697587
-28.8015563 -0.04843066
-0.17949543 33.5802837
-23.80144353 23.5743879
-33.63350815 -0.06908933
-0.15494777 38.40852847
-27.23905509 27.1300017
-38.5444654 -0.01565787
43.09363614 0.02207172
30.4598941 30.69798518
0.03945 43.39996394
-30.66050615 30.6034601
-43.4001968 -0.00212526
47.99862074 -0.00207384
33.92067117 34.09466539
-0.1022103 48.10472085
-34.05918289 33.9039639
-48.1342529 -0.05911249
52.90399847 -0.01265287
37.2837518 37.506826073
-0.04218119 52.953141
-37.46647429 37.1788628
-52.93593416 -0.02860272
