1 0.100 0.500 8.00000 0.00000 true 2.76200
1 0.100 0.500 8.00000 0.78540 true 3.26800
1 0.100 0.500 8.00000 1.57080 true 83.91600
1 0.100 0.500 8.00000 2.35619 true 17.62400
1 0.100 0.500 8.00000 3.14159 true 20.26500
1 0.100 0.500 12.00000 6.28319 true 4.15300
1 0.100 0.500 12.00000 7.06858 true 4.76000
1 0.100 0.500 12.00000 7.85398 true 54.14200
1 0.100 0.500 12.00000 8.63938 true 16.60600
1 0.100 0.500 12.00000 9.42478 true 20.45300
1 0.100 0.500 16.00000 12.56637 true 5.67000
1 0.100 0.500 16.00000 13.35177 true 6.17800
1 0.100 0.500 16.00000 14.13717 true 10.81900
1 0.100 0.500 16.00000 14.92257 true 16.40000
1 0.100 0.500 16.00000 15.70796 true 21.06400
1 0.100 0.500 20.00000 18.84956 true 7.28400
1 0.100 0.500 20.00000 19.63495 true 7.69000
1 0.100 0.500 20.00000 20.42035 true 11.13400
1 0.100 0.500 20.00000 21.20575 true 16.90400
1 0.100 0.500 20.00000 21.99115 true 21.97000
1 0.100 0.500 24.00000 25.13274 true 8.80800
1 0.100 0.500 24.00000 25.91814 true 9.10400
1 0.100 0.500 24.00000 26.70354 true 12.04600
1 0.100 0.500 24.00000 27.48894 true 17.60900
1 0.100 0.500 24.00000 28.27433 true 23.08300
1 0.100 0.500 28.00000 31.41593 true 9.71600
1 0.100 0.500 28.00000 32.20132 true 10.53200
1 0.100 0.500 28.00000 32.98672 true 13.15700
1 0.100 0.500 28.00000 33.77212 true 18.52900
1 0.100 0.500 28.00000 34.55752 true 24.09300
1 0.100 0.500 32.00000 37.69911 true 7.89300
1 0.100 0.500 32.00000 38.48451 true 11.93900
1 0.100 0.500 32.00000 39.26991 true 14.37500
1 0.100 0.500 32.00000 40.05531 true 19.63800
1 0.100 0.500 32.00000 40.84070 true 25.40400
1 0.100 0.500 36.00000 43.98230 true 6.07000
1 0.100 0.500 36.00000 44.76770 true 13.62500
1 0.100 0.500 36.00000 45.55309 true 15.88100
1 0.100 0.500 36.00000 46.33849 true 20.95300
1 0.100 0.500 36.00000 47.12389 true 26.93200
1 0.100 0.500 40.00000 50.26548 true 4.25300
1 0.100 0.500 40.00000 51.05088 true 15.28500
1 0.100 0.500 40.00000 51.83628 true 17.41200
1 0.100 0.500 40.00000 52.62168 true 22.36500
1 0.100 0.500 40.00000 53.40708 true 28.35800
1 0.100 0.500 44.00000 56.54867 true 2.52700
1 0.100 0.500 44.00000 57.33407 true 16.80300
1 0.100 0.500 44.00000 58.11946 true 19.02100
1 0.100 0.500 44.00000 58.90486 true 23.78800
1 0.100 0.500 44.00000 59.69026 true 29.77500
