0.03073038 8.13200515
-5.5998702 5.6397588
-7.9943588 0.152601337
8.4684328 8.51958939
0.02132036 12.0923133
-8.45722602 8.27805168
-11.8587966 0.047031891
16.0022158 -0.00783955
11.2780898 11.361601775
-0.06154755 15.96509016
-11.3349258 11.3093812
-15.9538735 -0.00651883
20.03442317 -0.00453655
14.1973916 14.20306103
0.01495292 20.07993494
-14.14535005 14.0637025
-19.9262192 -0.01730306
24.0068458 -0.00213757
16.9069131 17.039189424
-0.03388086 24.0468133
-16.96034598 16.8283033
-24.1362223 0.02639848
28.006098 -0.00210617
19.6992919 19.9003163723
-0.03126902 28.0451042
-19.7772466 19.71823414
-28.0133949 -0.04124841
32.0050338 -0.01580638
22.6221601 22.724784516
-0.027439 32.09125217
-22.71751856 22.714994
-32.0330858 -0.034921
36.03188924 -0.01254947
25.5760068 25.55525792
0.03236854 36.15152977
-25.49873366 25.37486394
-36.03670495 -0.06211912
39.9451313 -0.0044308
28.33447776 28.382327852
-0.18530866 39.95280645
-28.37624808 28.29435345
-40.080902 -0.03876227
43.9686975 -0.00916927
31.07897787 31.236619186
-0.0911143 44.07610137
-31.20702014 31.05461337
-44.0512993 -0.07278002
