7.7131127 1.71154533995e-05
5.90486893 6.197688209
0.08472846 8.34674726
-7.9101312 5.53718584
0.7505302 -0.79623968
14.0115697 -0.437970807
8.52749894 7.105537784
-0.0151003 12.71224203
-7.59489085 9.73636746
-13.8666662 -7.46380044
14.67472034 -1.6760677
13.5724056 11.795481382
-0.5594043 15.4336952
-17.292723995 7.3543203
-15.82652924 -0.30347675
19.9676858 -0.046864066
14.4076054 14.6997815445
-0.18815295 20.5563512
-14.69943557 14.265073
-20.3530445 -0.32549518
24.08926805 -0.02434522
17.3948466 17.6132824505
-0.12835514 24.6413554
-17.490831058 17.1849081
-24.3625584 -0.22264676
28.02768515 0.01499766
20.2375986 20.392088172
-0.22426894 28.6699589
-20.389781955 19.8857793
-28.40966166 -0.256102
32.0714397 0.00662495
22.8953908 23.250244602
-0.26457957 32.59356875
-23.137577084 22.95065383
-32.55732034 -0.16485336
35.964559 -0.027066592
25.69325886 25.9972641876
-0.2612043 36.55220308
-26.09800498 25.56750966
-36.5394466 -0.22781485
39.9783936 -0.04559788
28.5671178 28.804589868
-0.26197784 40.51253516
-28.85033981 28.5753637
-40.5365772 -0.19948255
44.00530625 -0.02213014
31.30902405 31.6040482218
-0.16376808 44.5254929
-31.64166756 31.4310731
-44.62350714 -0.13808665
