1 0.500 0.500 8.00000 0.00000 true 4.17700
1 0.500 0.500 8.00000 0.78540 true 5.28500
1 0.500 0.500 8.00000 1.57080 true 16.91000
1 0.500 0.500 8.00000 2.35619 true 24.98200
1 0.500 0.500 8.00000 3.14159 true 32.37500
1 0.500 0.500 12.00000 6.28319 true 4.23900
1 0.500 0.500 12.00000 7.06858 true 7.57200
1 0.500 0.500 12.00000 7.85398 true 15.45100
1 0.500 0.500 12.00000 8.63938 true 25.35600
1 0.500 0.500 12.00000 9.42478 true 33.84100
1 0.500 0.500 16.00000 12.56637 true 16.83400
1 0.500 0.500 16.00000 13.35177 true 10.17700
1 0.500 0.500 16.00000 14.13717 true 16.43700
1 0.500 0.500 16.00000 14.92257 true 26.45400
1 0.500 0.500 16.00000 15.70796 true 35.66200
1 0.500 0.500 20.00000 18.84956 true 18.96200
1 0.500 0.500 20.00000 19.63495 true 12.79800
1 0.500 0.500 20.00000 20.42035 true 18.25600
1 0.500 0.500 20.00000 21.20575 true 27.95900
1 0.500 0.500 20.00000 21.99115 true 37.57400
1 0.500 0.500 24.00000 25.13274 true 20.16900
1 0.500 0.500 24.00000 25.91814 true 15.42600
1 0.500 0.500 24.00000 26.70354 true 20.48000
1 0.500 0.500 24.00000 27.48894 true 29.88700
1 0.500 0.500 24.00000 28.27433 true 36.68100
1 0.500 0.500 28.00000 31.41593 true 21.79100
1 0.500 0.500 28.00000 32.20132 true 14.81700
1 0.500 0.500 28.00000 32.98672 true 22.99500
1 0.500 0.500 28.00000 33.77212 true 32.00900
1 0.500 0.500 28.00000 34.55752 true 33.10400
1 0.500 0.500 32.00000 37.69911 true 24.91200
1 0.500 0.500 32.00000 38.48451 true 12.49200
1 0.500 0.500 32.00000 39.26991 true 25.61700
1 0.500 0.500 32.00000 40.05531 true 33.40900
1 0.500 0.500 32.00000 40.84070 true 33.20300
1 0.500 0.500 36.00000 43.98230 true 25.01600
1 0.500 0.500 36.00000 44.76770 true 13.80200
1 0.500 0.500 36.00000 45.55309 true 28.14600
1 0.500 0.500 36.00000 46.33849 true 35.94700
1 0.500 0.500 36.00000 47.12389 true 33.30900
1 0.500 0.500 40.00000 50.26548 true 24.39700
1 0.500 0.500 40.00000 51.05088 true 16.12500
1 0.500 0.500 40.00000 51.83628 true 30.67400
1 0.500 0.500 40.00000 52.62168 true 38.29900
1 0.500 0.500 40.00000 53.40708 true 33.42000
1 0.500 0.500 44.00000 56.54867 true 24.31100
1 0.500 0.500 44.00000 57.33407 true 19.16400
1 0.500 0.500 44.00000 58.11946 true 33.31800
1 0.500 0.500 44.00000 58.90486 true 38.28900
1 0.500 0.500 44.00000 59.69026 true 32.82600
