-12.74880545 0.035039343
-13.5645124 13.5195429
-19.23459757 -0.006935
-18.21668187 18.2048024
-25.63464186 0.00164283
-22.6861093 22.7116404
-32.17037634 -0.00085181
0.03741755 38.59674026
-27.23924742 27.0016357
-38.31502046 -0.15318307
44.64957824 0.03389125
31.6690799 31.813696467
0.0020057 44.96342546
-31.78650617 31.69039716
-44.90994056 -0.06554368
51.1762339 0.00257345
36.17056306 36.380672062
-0.05203913 51.31021695
-36.31424109 36.15527637
-51.3781509 -0.01356533
57.7850127 -0.02414315
40.6946233 40.905835003
-0.2206115 57.6034887
-40.88201199 40.75334377
-57.6181009 -0.160133
64.123622 0.01337067
45.18537864 45.466036136
-0.09157282 64.1165317
-45.393620796 45.2055843
-64.08363575 -0.144673
