7.7135685 -1.51735528e-07
-0.30191 6.151317243
-0.08415402 6.2298552
-2.17433247 5.34290704
-4.42956545 3.39290024
12.2179858 0.21296905
8.78492093 9.022790556
-0.10811446 12.63064685
-9.13239689 8.67214956
-12.5584995 -0.12822926
16.0334675 -0.0907476377
11.6212041 11.982851733
-0.07213794 16.63875054
-11.93088019 11.55189827
-16.51156537 -0.19440848
19.9478517 0.0136349617
14.4599266 14.7946641196
-0.1724129 20.7391104
-14.757937755 14.42762906
-20.52862114 -0.16416103
23.83867796 -0.0159591215
17.3194659 17.6211550195
-0.20944015 24.64479915
-17.650303109 17.19910856
-24.5872244 -0.1480921
27.95618084 -0.0079737408
20.29531976 20.5853488162
-0.0916135 28.73757594
-20.416025852 20.1957114
-28.65304846 -0.11779552
31.88534166 -0.027219142
22.9092917 23.2028259095
-0.0509261 32.7417266
-23.169001573 22.94186687
-32.6560985 -0.04412035
35.99026347 -0.03700213626
25.90719643 26.058170587
-0.16281237 36.7373089
-26.019032134 25.706265
-36.59977965 -0.28753984
39.929245 -0.045987724
28.63878724 28.913384795
-0.12863984 40.69503774
-28.92214775 28.62406613
-40.69127825 -0.13810098
43.9494095 -0.02373852
31.4497482 31.801098466
-0.18596846 44.6638666
-31.767188206 31.3022613
-44.6739495 -0.24978099
