6.126328 -1.966420866e-07
4.6279064 4.8274778809
0.0340024 6.48421515
-4.5534895 4.5731528
9.65348524 0.01154683
6.80454997 6.96001538
-0.0676733 9.58688605
-6.82645695 6.85742973
12.746098 -0.07162842
9.2184123 9.250544535
0.04279822 12.9950402
16.1930428 3.0819313
9.6609925 15.441461
0.23415914 15.92427127
-5.4706693 11.3844488
19.4478138 0.18403067
13.6378121 13.681453417
-0.0649564 19.33019956
22.4277338 -0.04071238
15.76821247 15.94682167
0.01283082 22.579124
25.754372 -0.04294532
17.9765931 18.23770646
-0.0709456 25.6801135
28.8405308 0.0018495
20.2748567 20.49483727
-0.0862804 28.85819623
31.97187347 0.01574737
22.7787485 22.741487018
35.1902326 0.00432948
24.8485416 25.020310634
