2.31620383 2.24173236
-0.0124645 3.1972319
4.90479045 0.09372694
3.51957054 3.54387835
0.84723882 0.6350071
0.84723882 0.6350071
0.91715436 0.3135896
7.5401885 -3.77810546
4.68460054 4.72047154
-0.03601757 6.4066481
7.9190924 -0.10023323
5.7082849 5.826847902
0.0014255 8.0655582
-5.74325696 5.73994242
9.6861955 -0.0309851
6.84749286 6.90912795
-0.0312907 9.6634623
11.1585216 -0.04282142
7.9845327 8.044346064
-0.13316831 11.16503024
12.73711 0.07099122
8.9218316 9.212134282
-0.06129876 12.8372845
14.25482245 -0.82634797
10.2044398 10.331437893
-0.07655383 14.4621503
