7.7131858 1.60733765065e-05
5.86695764 6.1389892282
-0.11747275 8.19833963
-5.52561604 5.80787564
-8.0565248 0.07559748
12.10957594 -0.03482118
8.51340326 8.866871591
-0.14008156 12.33817277
-8.5033341 8.34617425
-12.0067692 0.07483875
16.1078885 -0.04101175
11.4518848 11.661381498
-0.10688322 16.39372235
-11.51045335 11.2407964
-15.97097095 -0.04492793
20.0920703 0.02376432
14.1111807 14.46433387
-0.24854079 20.2657015
-14.40671209 14.04772014
-20.0674843 -0.08914033
23.9508636 0.08089164
16.977577 17.338610646
-0.22679406 24.21692178
-17.30038163 17.01179565
-24.08000724 -0.13269043
27.8888149 0.08313411
19.992802 20.097094058
-0.26305195 28.24339704
-20.18349984 19.7616208
-28.01095647 -0.17077935
32.01896755 0.0466623
22.6392006 22.986376887
-0.08094854 32.3808396
-23.01887017 22.7362912
-32.14061374 -0.09624767
36.0983317 0.08933559
25.6629713 25.804834453
-0.17954153 36.22615174
-25.8402106 25.4232946
-36.02325897 -0.21912505
39.89665176 0.13160115
28.4529815 28.66388865
-0.15966532 40.23143913
-28.69069737 28.25706877
-40.2480193 -0.03186571
43.9442372 0.120230167
31.34919264 31.42777019
-0.21402165 44.22708395
-31.510521236 31.0360863
-44.059489 -0.2200232
