-19.534045 -1.52777337
-17.13455686 17.033482
-23.93924304 -0.0199802
-22.77240243 22.5411698
-32.02121636 0.02711689
-0.0409159 40.12622995
-28.34267624 28.2749046
-40.11396015 -0.04536358
48.0914179 -0.00564211
33.9616298 34.08417058
-0.15002901 48.04485826
-34.0636403 33.8355324
-47.9822899 -0.15053574
55.9602761 0.00674596
39.67154995 39.770070666
-0.0323686 56.1502269
-39.74672413 39.4535413
-56.0651275 -0.10482889
63.9639382 0.00750741
45.474657 45.429312585
-0.11781254 64.1426328
-45.39586679 45.3077581
-64.0153793 -0.18723505
