7.7154514 -5.0210249e-09
5.73408784 5.8758776058
-0.06094105 8.02613404
-5.8018993 5.7749408
11.96563926 -0.05407936
8.43857124 8.66202128
-0.07739595 12.0179641
-8.4890592 8.5572587
15.87515747 -0.09931626
11.35609063 11.47375272
-0.02506891 16.1368921
20.08530483 0.01322184
14.06263453 14.332724173
-0.079613 20.0609998
24.0303778 -0.01846367
16.83270007 17.151119302
-0.02929461 24.13164715
28.14929906 -0.04123305
19.81733947 19.91091746
-0.1511495 28.0013721
31.93470686 -0.03741777
22.6446044 22.7927002304
35.9790181 0.00507776
25.58509236 25.568604366
