-7.9625251 0.0185801
-11.94390477 0.045885942
-11.30465414 11.25796874
-16.03017846 0.0077972
-14.11426303 14.0425242
-20.10807613 0.0098978
-16.9903641 16.9257141
-23.99301666 -0.04264348
-19.85667866 19.71623126
-28.1446438 0.01499324
-0.03869853 32.12023633
-22.68546402 22.6891101
-32.10244947 -0.03758686
0.01435235 36.1626615
-25.54104323 25.42091555
-36.0156143 -0.0875446
39.91950306 0.02113483
28.44971846 28.40645853
-0.06524697 40.0837928
-28.3470078 28.2675569
-40.025395 -0.11374858
43.9822714 -0.00137167
31.0705922 31.25076176
-0.0737358 44.1194451
-31.22188639 30.9599433
-44.1100649 -0.05020073
